center:
  lat: 53.57131
  lng: 9.94578
zoom: 11
